step: 500
E: 2.303412028895e+04
S_theta: 3.976257505003e+03
S_phi: 0.000000000000e+00
S_p: 0.000000000000e+00
S_pm: 4.950510532746e+00
H: 9.699234354690e+00
