step: 100
E: 2.766229727221e+04
S_theta: 7.969241276842e+03
S_phi: 5.946721209051e+00
S_p: 1.851467183973e+00
S_pm: 5.145449769851e+00
H: 9.692274610547e+00
