step: 0
E: 3.238270046421e+04
S_theta: 1.205117337757e+04
S_phi: 1.023683207121e+01
S_p: 1.886059564764e+00
S_pm: 5.279651149811e+00
H: 9.691561265476e+00
