step: 200
E: 2.552600698396e+04
S_theta: 6.125479854392e+03
S_phi: 0.000000000000e+00
S_p: 0.000000000000e+00
S_pm: 5.080579685720e+00
H: 9.699206724936e+00
