step: 300
E: 2.433751511778e+04
S_theta: 5.099650654183e+03
S_phi: 0.000000000000e+00
S_p: 0.000000000000e+00
S_pm: 5.029922342124e+00
H: 9.699215941535e+00
