step: 0
E: 3.238036396868e+04
S_theta: 1.205117337757e+04
S_phi: 0.000000000000e+00
S_p: 0.000000000000e+00
S_pm: 5.279651149811e+00
H: 9.699188290567e+00
