step: 400
E: 2.357372243815e+04
S_theta: 4.441041928973e+03
S_phi: 0.000000000000e+00
S_p: 0.000000000000e+00
S_pm: 4.987822843070e+00
H: 9.699225152098e+00
