step: 600
E: 2.262781629629e+04
S_theta: 3.626710772197e+03
S_phi: 0.000000000000e+00
S_p: 0.000000000000e+00
S_pm: 4.916959902102e+00
H: 9.699243547956e+00
