step: 1000
E: 2.164545448937e+04
S_theta: 2.784273665239e+03
S_phi: 0.000000000000e+00
S_p: 0.000000000000e+00
S_pm: 4.803220391435e+00
H: 9.699280212146e+00
