step: 800
E: 2.204918036752e+04
S_theta: 3.128463013698e+03
S_phi: 1.328121900398e-01
S_p: 1.640819891406e+00
S_pm: 4.856613285838e+00
H: 9.694287706453e+00
