step: 500
E: 2.303587576879e+04
S_theta: 3.976257505003e+03
S_phi: 6.774003748599e-01
S_p: 1.725780050855e+00
S_pm: 4.950510532746e+00
H: 9.693761615008e+00
