step: 200
E: 2.552797710395e+04
S_theta: 6.125479854392e+03
S_phi: 3.454735581120e+00
S_p: 1.818349642113e+00
S_pm: 5.080579685720e+00
H: 9.692801254106e+00
