step: 300
E: 2.433938969983e+04
S_theta: 5.099650654183e+03
S_phi: 2.007058227698e+00
S_p: 1.786472459689e+00
S_pm: 5.029922342124e+00
H: 9.693200800461e+00
