step: 400
E: 2.357552925248e+04
S_theta: 4.441041928973e+03
S_phi: 1.166016513661e+00
S_p: 1.755660212922e+00
S_pm: 4.987822843070e+00
H: 9.693512258891e+00
