step: 800
E: 2.204753373409e+04
S_theta: 3.128463013698e+03
S_phi: 0.000000000000e+00
S_p: 0.000000000000e+00
S_pm: 4.856613285838e+00
H: 9.699261903065e+00
