step: 700
E: 2.230955648992e+04
S_theta: 3.351827304075e+03
S_phi: 2.286186729062e-01
S_p: 1.668430858677e+00
S_pm: 4.885502170439e+00
H: 9.694139012248e+00
