step: 600
E: 2.262953027035e+04
S_theta: 3.626710772197e+03
S_phi: 3.935329190725e-01
S_p: 1.696730037275e+00
S_pm: 4.916959902102e+00
H: 9.693966484119e+00
