step: 1000
E: 2.164704392058e+04
S_theta: 2.784273665239e+03
S_phi: 4.482087184641e-02
S_p: 1.587471093985e+00
S_pm: 4.803220391435e+00
H: 9.694536075258e+00
