step: 100
E: 2.766018435835e+04
S_theta: 7.969241276842e+03
S_phi: 0.000000000000e+00
S_p: 0.000000000000e+00
S_pm: 5.145449769851e+00
H: 9.699197505494e+00
