step: 900
E: 2.183192617611e+04
S_theta: 2.942375994853e+03
S_phi: 7.715437406233e-02
S_p: 1.613846930378e+00
S_pm: 4.829054828892e+00
H: 9.694418611038e+00
