step: 700
E: 2.230787804674e+04
S_theta: 3.351827304075e+03
S_phi: 0.000000000000e+00
S_p: 0.000000000000e+00
S_pm: 4.885502170439e+00
H: 9.699252731006e+00
