step: 900
E: 2.183030895353e+04
S_theta: 2.942375994853e+03
S_phi: 0.000000000000e+00
S_p: 0.000000000000e+00
S_pm: 4.829054828892e+00
H: 9.699271063549e+00
